5.413610339164733887e-01
7.785292863845825195e-01
7.161102294921875000e-01
5.068403482437133789e-01
5.150060057640075684e-01
5.265964865684509277e-01
3.542419672012329102e-01
8.700557947158813477e-01
1.350991368293762207e+00
8.140525221824645996e-01
1.201626062393188477e+00
8.473306894302368164e-01
1.965627074241638184e+00
8.816845417022705078e-01
6.932623982429504395e-01
4.243086874485015869e-01
1.303567588329315186e-01
3.608011454343795776e-02
9.298739433288574219e-01
8.929416537284851074e-01
5.899215340614318848e-01
1.513640403747558594e+00
9.193969964981079102e-01
5.758459568023681641e-01
1.807019829750061035e+00
2.157360792160034180e+00
1.205713629722595215e+00
1.493451118469238281e+00
9.770255088806152344e-01
1.005317926406860352e+00
