5.016872882843017578e-01
7.385377883911132812e-01
6.846661567687988281e-01
4.485791325569152832e-01
4.667308330535888672e-01
4.845120906829833984e-01
3.018277883529663086e-01
8.572590947151184082e-01
1.365454554557800293e+00
7.877862453460693359e-01
1.190653324127197266e+00
8.234456181526184082e-01
1.939683318138122559e+00
8.713098764419555664e-01
6.376255750656127930e-01
3.683186173439025879e-01
6.782647222280502319e-02
-2.271535806357860565e-02
9.230819344520568848e-01
8.723999857902526855e-01
5.339911580085754395e-01
1.501575112342834473e+00
9.179463386535644531e-01
5.116189718246459961e-01
1.773632645606994629e+00
2.199697017669677734e+00
1.228845953941345215e+00
1.468001246452331543e+00
9.481661319732666016e-01
9.785903096199035645e-01
