7.996209859848022461e-01
7.836619019508361816e-01
7.442312836647033691e-01
4.610827863216400146e-01
4.466297626495361328e-01
4.468507766723632812e-01
1.738646924495697021e-01
5.759018063545227051e-01
9.614673256874084473e-01
6.962512135505676270e-01
9.929996132850646973e-01
9.525165557861328125e-01
1.869750738143920898e+00
9.475356936454772949e-01
7.827631831169128418e-01
5.079234838485717773e-01
2.145829945802688599e-01
9.554527699947357178e-02
8.740572333335876465e-01
8.769100904464721680e-01
4.893036484718322754e-01
1.174990773200988770e+00
7.585291862487792969e-01
3.527691364288330078e-01
9.840298891067504883e-01
1.255015492439270020e+00
7.238191366195678711e-01
8.654811978340148926e-01
6.270994544029235840e-01
6.771171689033508301e-01
