7.530526518821716309e-01
8.001039028167724609e-01
7.225949168205261230e-01
4.512313008308410645e-01
4.549207091331481934e-01
4.438932538032531738e-01
1.702149659395217896e-01
5.673058032989501953e-01
9.390257596969604492e-01
6.799573898315429688e-01
9.557021856307983398e-01
9.007062315940856934e-01
1.890634775161743164e+00
8.586807250976562500e-01
8.062342405319213867e-01
5.061455965042114258e-01
2.097491472959518433e-01
1.066930890083312988e-01
8.904391527175903320e-01
8.229117393493652344e-01
4.777487218379974365e-01
1.166525483131408691e+00
7.299022674560546875e-01
3.438786864280700684e-01
9.783525466918945312e-01
1.215730309486389160e+00
7.034876346588134766e-01
8.355093002319335938e-01
6.218506097793579102e-01
6.591093540191650391e-01
