5.923645496368408203e-01
7.583151459693908691e-01
7.399154901504516602e-01
5.202040672302246094e-01
5.302575826644897461e-01
5.470384359359741211e-01
3.642425537109375000e-01
8.717684149742126465e-01
1.374305248260498047e+00
8.591794371604919434e-01
1.200793743133544922e+00
8.832004666328430176e-01
1.945649981498718262e+00
9.550060629844665527e-01
6.643691062927246094e-01
4.176170229911804199e-01
1.181652843952178955e-01
2.753089927136898041e-02
9.083934426307678223e-01
9.562098383903503418e-01
6.091541051864624023e-01
1.496316194534301758e+00
9.868203401565551758e-01
5.606113672256469727e-01
1.770627021789550781e+00
2.217178106307983398e+00
1.262370347976684570e+00
1.467313885688781738e+00
9.916153550148010254e-01
1.006066083908081055e+00
