5.412903428077697754e-01
7.548801302909851074e-01
6.926416754722595215e-01
4.556358754634857178e-01
4.722195267677307129e-01
4.898408651351928711e-01
3.060025274753570557e-01
8.829206824302673340e-01
1.374004840850830078e+00
7.980343699455261230e-01
1.216926574707031250e+00
8.327348232269287109e-01
1.950012445449829102e+00
9.051716923713684082e-01
6.581948399543762207e-01
3.844645619392395020e-01
9.965917468070983887e-02
1.692370697855949402e-02
9.483663439750671387e-01
9.093837141990661621e-01
5.466054081916809082e-01
1.520109653472900391e+00
9.263495206832885742e-01
5.333453416824340820e-01
1.783073663711547852e+00
2.208976507186889648e+00
1.299664497375488281e+00
1.499723911285400391e+00
9.836494326591491699e-01
1.003150939941406250e+00
